Ax,Ay,Az,Gx,Gy,Gz,Roll,Pitch,Yaw,Timestamp,Target
580,2208,16864,-756,-21,-649,1000,5000,35000,578698,
620,2168,16760,-667,34,-657,1000,5000,35000,578700,
636,2132,16848,-667,114,-624,1000,5000,35000,578703,
744,2220,17032,-637,224,-657,1000,5000,35000,578705,
920,2320,17068,-482,785,-589,1000,5000,35000,578718,
920,2472,17016,-440,907,-612,1000,5000,35000,578720,
856,2488,17136,-350,1004,-595,1000,5000,35000,578723,
832,2992,17160,-232,1593,-530,1000,6000,35000,578735,
892,3004,17068,-162,1653,-509,1000,6000,35000,578737,
672,3056,16820,-178,1735,-508,1000,6000,35000,578740,
612,2968,17008,-181,1872,-505,1000,6000,35000,578742,
268,3036,17028,-101,2008,-449,1000,6000,35000,578755,
204,2952,17096,-68,1983,-481,1000,6000,35000,578757,
-28,2984,17020,-52,1921,-415,1000,6000,35000,578759,
-360,2720,16972,25,1686,-330,1000,6000,35000,578772,
-544,2592,16832,7,1548,-330,1000,6000,35000,578774,
-696,2620,17056,7,1467,-270,1000,6000,35000,578777,
-700,2672,17008,77,1408,-277,1000,6000,35000,578779,
-928,2700,16956,-11,700,-147,1000,6000,35000,578792,
-928,2740,16860,23,558,-151,1000,6000,35000,578794,
-892,2712,16832,-18,381,-124,1000,6000,35000,578796,
-964,2792,16956,-60,243,-126,1000,6000,35000,578799,
-960,2784,16940,-176,-575,-96,1000,6000,35000,578811,
-884,2848,16708,-225,-696,-90,1000,6000,35000,578814,
-908,2812,16896,-212,-831,-73,1000,6000,35000,578816,
-664,2432,16996,-352,-1431,91,1000,6000,35000,578829,
-588,2372,16932,-278,-1486,101,1000,6000,35000,578831,
-472,2332,16876,-336,-1567,151,1000,6000,35000,578833,
-344,2212,16840,-367,-1547,155,1000,6000,35000,578836,
-104,2088,17052,-174,-1522,287,1000,6000,35000,578848,
52,2052,17092,-164,-1460,308,1000,5000,35000,578851,
96,2112,17040,-92,-1437,312,1000,5000,35000,578853,
416,2432,17352,23,-1039,444,1000,5000,35000,578866,
388,2492,16956,61,-979,440,1000,5000,35000,578868,
424,2572,17144,51,-896,482,1000,5000,35000,578870,
508,2488,17152,55,-766,488,1000,5000,35000,578873,
492,2384,16968,164,-411,486,2000,5000,35000,578885,
552,2396,17116,160,-319,466,2000,5000,35000,578888,
636,2352,17148,246,-293,491,2000,5000,35000,578890,
652,2372,17092,238,-222,521,2000,5000,35000,578892,
596,2140,16772,380,144,593,2000,5000,35000,578906,
580,2140,16912,402,228,603,2000,5000,35000,578908,
540,1976,16964,559,447,699,2000,5000,35000,578921,
600,2080,16680,565,475,741,2000,5000,35000,578923,
520,2112,16796,610,556,749,2000,5000,35000,578925,
536,2016,16704,673,542,792,2000,5000,35000,578928,
232,2380,16592,795,736,795,2000,5000,35000,578940,
348,2460,16496,836,699,785,2000,5000,35000,578942,
236,2448,16492,806,706,773,2000,5000,35000,578945,
216,2468,16496,836,731,731,2000,5000,35000,578947,
48,2708,16268,736,386,602,2000,5000,35000,578960,
-168,2756,16172,746,326,578,2000,5000,35000,578962,
-176,2652,16252,735,165,556,2000,5000,35000,578964,
-268,2872,16232,688,92,557,2000,5000,35000,578967,
-276,2760,16300,585,-491,532,2000,5000,36000,578979,
-220,2564,16412,558,-547,558,2000,5000,36000,578982,
-316,2788,16368,538,-603,549,2000,5000,36000,578984,
196,2988,16056,459,-878,615,2000,5000,36000,578996,
252,2928,16128,498,-906,585,2000,5000,36000,578999,
304,2912,16252,498,-974,605,2000,5000,36000,579001,
224,3004,16132,456,-989,577,2000,5000,36000,579004,
412,3104,16020,371,-1184,532,3000,5000,36000,579016,
472,3084,15916,347,-1222,506,3000,5000,36000,579019,
432,3012,15944,357,-1240,493,3000,5000,36000,579021,
336,3092,15788,286,-1306,514,3000,5000,36000,579023,
720,3192,15900,58,-1407,447,3000,4000,36000,579036,
884,3164,15916,34,-1439,433,3000,4000,36000,579038,
888,3060,15816,6,-1378,434,3000,4000,36000,579041,
1332,3156,15952,-50,-1103,373,3000,4000,36000,579053,
1372,3148,16116,-33,-977,353,3000,4000,36000,579056,
1336,3276,15952,11,-911,316,3000,4000,36000,579058,
1384,3264,15972,-34,-763,323,3000,4000,36000,579060,
1380,3344,16348,21,-191,194,3000,4000,36000,579073,
1356,3352,16360,11,-130,208,3000,4000,36000,579075,
1408,3332,16152,-24,5,174,3000,4000,36000,579077,
1348,3416,16312,8,119,143,3000,4000,36000,579080,
1400,3460,16716,-82,621,145,3000,4000,36000,579092,
1240,3444,16780,-32,683,161,3000,4000,36000,579095,
1224,3468,16964,-41,788,170,3000,4000,36000,579097,
920,3304,16592,172,1233,126,3000,4000,36000,579110,
860,3448,16516,172,1284,131,3000,4000,36000,579112,
688,3264,16476,177,1334,65,3000,4000,36000,579115,
676,3440,16400,239,1310,78,3000,4000,36000,579117,
88,3400,15896,86,1095,-24,3000,4000,36000,579129,
-32,3408,16072,92,951,-32,3000,4000,36000,579132,
80,3364,15780,39,826,-32,3000,4000,36000,579134,
-44,3476,15712,-33,745,-36,3000,4000,36000,579136,
-232,3560,15600,-395,-204,-6,3000,4000,36000,579149,
-164,3592,15684,-461,-338,-28,3000,4000,36000,579151,
-132,3600,15696,-546,-494,6,3000,4000,36000,579154,
-156,3572,15672,-634,-676,48,3000,4000,36000,579156,
232,3320,15792,-896,-1364,90,3000,4000,36000,579169,
136,3248,15868,-926,-1447,110,3000,4000,36000,579171,
220,3272,16028,-928,-1525,105,3000,4000,36000,579173,
712,3116,16312,-1063,-1773,124,3000,4000,36000,579186,
712,3092,16220,-1041,-1762,111,3000,4000,36000,579188,
824,3116,16388,-1077,-1798,129,3000,4000,36000,579191,
860,2992,16344,-1107,-1791,128,3000,3000,36000,579193,
1224,3012,16600,-1049,-1537,118,3000,3000,36000,579206,
1332,3012,16616,-1057,-1430,136,3000,3000,36000,579208,
1292,3036,16636,-1001,-1354,131,3000,3000,36000,579210,
1560,2976,16592,-951,-749,102,3000,3000,36000,579223,
1572,2952,16856,-912,-695,118,3000,3000,36000,579225,
1556,2812,16780,-865,-569,99,3000,3000,36000,579228,
1608,2936,16684,-861,-364,56,3000,3000,36000,579230,
1536,2712,16652,-708,241,26,3000,3000,36000,579243,
1540,2668,16752,-695,380,31,3000,3000,36000,579245,
1532,2600,16600,-627,451,51,3000,3000,36000,579247,
1276,2508,16588,-537,864,17,3000,3000,36000,579260,
1280,2396,16596,-477,845,28,3000,3000,36000,579262,
1216,2472,16652,-463,900,60,3000,3000,36000,579264,
1192,2496,16500,-416,970,17,3000,3000,36000,579267,
976,2700,16436,-336,976,66,3000,3000,36000,579279,
848,2668,16652,-285,1016,49,3000,3000,36000,579282,
812,2692,16464,-296,958,27,3000,3000,36000,579284,
772,2796,16480,-317,921,44,3000,3000,36000,579286,
492,2876,16464,-291,521,-25,3000,3000,36000,579299,
432,2852,16480,-349,485,-29,3000,3000,36000,579301,
236,2648,16416,-363,-24,-73,3000,3000,36000,579314,
180,2832,16196,-390,-107,-103,3000,3000,36000,579316,
344,2716,16228,-390,-214,-117,3000,3000,36000,579319,
312,2812,16136,-420,-313,-94,3000,3000,36000,579321,
396,2836,16148,-510,-743,-52,3000,3000,36000,579334,
556,2872,16252,-562,-805,-44,3000,3000,36000,579336,
572,2776,16088,-594,-834,-38,3000,3000,36000,579338,
1008,2816,16608,-505,-948,-10,3000,3000,36000,579351,
980,2704,16208,-548,-910,-27,3000,3000,36000,579353,
1044,2868,16456,-499,-887,-61,3000,3000,36000,579356,
1016,2848,16484,-536,-875,-37,3000,3000,36000,579358,
1112,3000,16496,-413,-610,-141,3000,3000,36000,579371,
1148,2936,16720,-408,-560,-123,3000,3000,36000,579373,
1164,3124,16620,-405,-446,-166,3000,3000,36000,579375,
1236,3340,16660,-393,-163,-185,3000,3000,36000,579388,
1244,3400,16816,-383,-113,-208,3000,3000,36000,579390,
1224,3416,16564,-329,-41,-224,3000,3000,36000,579393,
1112,3360,16684,-373,16,-182,3000,3000,36000,579395,
980,3256,16308,-345,190,-240,3000,3000,36000,579408,
868,3104,16300,-388,203,-246,3000,3000,36000,579410,
932,3100,16272,-401,205,-224,3000,2000,36000,579412,
824,2768,15976,-487,107,-151,3000,2000,36000,579425,
808,2896,16076,-483,110,-147,3000,2000,36000,579427,
844,2752,16212,-490,66,-115,3000,2000,36000,579430,
816,2848,16168,-531,54,-93,3000,2000,36000,579432,
1012,2892,16356,-476,34,-90,3000,2000,36000,579445,
1104,2948,16468,-521,77,-87,3000,2000,36000,579447,
1136,2880,16320,-537,125,-139,3000,2000,36000,579449,
1072,3092,16372,-507,104,-99,3000,2000,36000,579452,
1012,2936,16480,-462,322,-102,3000,2000,36000,579464,
992,2920,16308,-423,284,-59,3000,2000,36000,579467,
948,2896,16356,-437,371,-39,3000,2000,36000,579469,
740,3112,16452,-403,386,1,3000,2000,36000,579482,
748,3064,16364,-402,381,-37,3000,2000,36000,579484,
768,3176,16308,-408,407,-70,3000,2000,36000,579486,
748,3116,16360,-430,352,-43,3000,2000,36000,579489,
704,3204,16352,-486,260,-95,3000,2000,36000,579501,
732,3256,16212,-509,211,-67,3000,2000,36000,579504,
720,3176,16400,-563,233,-70,3000,2000,36000,579506,
676,3228,16472,-501,248,-80,3000,2000,36000,579508,
764,3084,16520,-583,189,-26,3000,2000,36000,579521,
768,2984,16656,-539,198,-5,3000,2000,36000,579523,
844,3016,16388,-567,209,1,3000,2000,36000,579526,
740,3084,16316,-572,258,23,3000,2000,36000,579528,
816,2872,16304,-551,304,93,3000,2000,36000,579541,
840,3020,16316,-562,346,80,3000,2000,36000,579543,
800,2964,16188,-528,333,109,3000,2000,36000,579545,
708,2928,16256,-549,333,119,3000,2000,36000,579548,
808,3120,16528,-530,245,149,3000,2000,36000,579560,
696,3192,16428,-585,253,149,3000,2000,36000,579563,
740,3196,16384,-585,275,142,3000,2000,36000,579565,
784,3176,16492,-569,170,32,3000,2000,36000,579578,
780,3108,16452,-601,165,26,3000,2000,36000,579580,
664,3164,16480,-617,94,9,3000,2000,36000,579582,
620,3068,16524,-633,80,4,3000,2000,36000,579585,
656,3036,16284,-619,9,34,3000,2000,36000,579597,
764,2908,16452,-642,-12,45,3000,2000,36000,579600,
788,2876,16460,-660,20,38,3000,2000,36000,579602,
896,2944,16408,-622,-14,30,3000,2000,36000,579604,
1052,2844,16432,-560,130,123,3000,2000,36000,579617,
1072,2836,16536,-568,118,96,3000,2000,36000,579619,
1164,2832,16452,-577,134,110,3000,2000,36000,579622,
1148,2784,16480,-529,168,69,3000,2000,36000,579624,
1032,2784,16324,-523,216,60,3000,2000,36000,579637,
960,2844,16296,-516,225,43,3000,2000,36000,579639,
832,2744,16348,-550,59,17,3000,2000,36000,579651,
960,2772,16392,-567,22,-14,3000,2000,36000,579654,
984,2780,16300,-579,-5,9,3000,2000,36000,579656,
924,2856,16360,-614,-34,3,3000,2000,36000,579659,
1064,2884,16380,-629,-64,-33,3000,2000,36000,579671,
1040,2852,16392,-639,-49,-17,3000,2000,36000,579673,
1168,3008,16416,-620,-39,-65,3000,2000,36000,579676,
1052,2980,16488,-632,-68,-2,3000,2000,36000,579678,
1048,2996,16620,-606,130,-21,3000,2000,36000,579691,
1036,3084,16352,-645,197,-5,3000,2000,36000,579693,
1104,2884,16436,-646,258,-14,3000,2000,36000,579695,
1148,2948,16504,-612,228,-17,3000,2000,36000,579698,
1044,2988,16284,-690,433,21,3000,2000,36000,579710,
992,2876,16364,-642,393,-6,3000,2000,36000,579713,
964,2920,16496,-655,434,35,3000,2000,36000,579715,
876,3016,16428,-679,469,48,3000,2000,36000,579728,
832,2876,16304,-703,474,39,3000,2000,36000,579730,
828,2904,16452,-721,472,54,3000,2000,36000,579733,
872,2904,16332,-692,407,35,3000,2000,36000,579735,
704,2964,16444,-785,369,12,3000,2000,36000,579747,
720,2892,16316,-766,324,23,3000,2000,36000,579750,
760,2940,16284,-805,360,34,3000,2000,36000,579752,
668,2864,16360,-804,361,0,3000,2000,36000,579755,
880,2916,16392,-854,280,20,3000,2000,36000,579767,
660,2692,16596,-861,295,12,3000,2000,36000,579769,
700,2720,16440,-828,233,48,2000,2000,36000,579772,
652,2708,16612,-853,237,46,2000,2000,36000,579774,
784,2872,16736,-812,271,177,2000,2000,36000,579787,
856,2768,16560,-824,321,173,2000,2000,36000,579789,
936,2720,16756,-817,398,161,2000,2000,36000,579792,
952,2736,16740,-785,455,194,2000,2000,36000,579794,
1008,2848,16704,-679,798,162,2000,2000,36000,579806,
1028,2884,16724,-661,845,165,2000,2000,36000,579809,
1016,2932,16632,-666,942,183,2000,2000,36000,579811,
824,2908,16492,-581,1219,184,2000,2000,36000,579824,
748,2876,16536,-586,1267,195,2000,2000,36000,579826,
676,2936,16692,-561,1316,195,2000,2000,36000,579828,
628,2796,16544,-566,1310,231,2000,2000,36000,579831,
452,2812,16556,-572,1240,309,2000,2000,36000,579843,
440,2784,16496,-605,1195,351,2000,2000,36000,579846,
532,2712,16588,-623,1166,367,2000,2000,36000,579848,
456,2832,16560,-708,972,448,2000,2000,36000,579861,
572,2768,16608,-762,979,481,2000,2000,36000,579863,
540,2860,16736,-734,936,480,2000,2000,36000,579866,
640,2736,16740,-795,927,487,2000,2000,36000,579868,
884,2284,17016,-876,954,499,2000,2000,36000,579881,
1012,2272,17220,-908,958,509,2000,3000,36000,579883,
988,2092,17360,-913,1034,503,2000,3000,36000,579885,
1000,1844,17332,-863,1059,508,2000,3000,36000,579888,
884,1080,18344,-751,1803,792,2000,3000,36000,579900,
980,828,18368,-669,1955,912,2000,3000,36000,579902,
920,752,18448,-658,2192,1060,2000,3000,36000,579905,
836,8,20192,66,3498,2073,2000,3000,37000,579918,
772,-36,20508,272,3720,2269,2000,3000,37000,579920,
700,-424,21252,572,3915,2504,2000,3000,37000,579922,
620,-576,21672,898,3995,2691,2000,3000,37000,579925,
164,-1048,22684,2134,4854,3538,2000,4000,37000,579937,
244,-1028,22916,2350,4879,3672,2000,4000,37000,579940,
200,-1232,23224,2572,4921,3773,2000,4000,37000,579942,
-576,-1860,23724,4255,5322,4800,3000,4000,38000,579958,
-704,-1984,23720,4581,5348,4982,3000,4000,38000,579961,
-784,-1836,23696,4803,5410,5178,3000,5000,38000,579963,
-900,-1556,21988,5616,6180,6081,4000,5000,39000,579975,
-936,-1464,22164,5668,6346,6279,4000,5000,39000,579978,
-956,-1184,22032,5829,6610,6474,4000,5000,39000,579980,
-1140,-768,22212,6549,8017,7694,5000,6000,40000,579993,
-1200,-864,22396,6854,8260,7889,5000,6000,40000,579995,
-1244,-952,22392,7060,8376,8043,5000,6000,40000,579997,
-2168,-1148,22212,8360,8717,8600,6000,7000,41000,580010,
-2588,-1136,22068,8544,8544,8665,6000,7000,41000,580012,
-2848,-1032,22100,8752,8394,8782,6000,7000,41000,580015,
-4372,328,21284,9433,6849,8812,7000,8000,42000,580027,
-4512,536,21544,9564,6283,8693,7000,8000,42000,580030,
-4580,660,21304,9793,5653,8526,7000,8000,43000,580032,
-4648,876,20980,9842,4743,8351,8000,8000,43000,580034,
-5636,2432,20256,9138,-871,7700,9000,8000,44000,580047,
-5872,2676,20752,8985,-1849,7633,9000,8000,44000,580049,
-5712,3208,20096,8695,-3059,8111,9000,8000,44000,580052,
-3796,3444,20528,6846,-9780,9661,10000,7000,45000,580064,
-3356,3596,20584,6771,-10826,9982,10000,7000,45000,580067,
-2816,3556,20468,6724,-11668,10156,10000,6000,45000,580069,
844,3604,20832,6391,-15816,9479,11000,5000,45000,580082,
1248,3684,20712,6433,-16268,9110,11000,4000,46000,580084,
2096,3816,20524,6432,-16630,8703,11000,4000,46000,580086,
5324,5044,20764,7625,-16731,6274,12000,2000,46000,580099,
5516,5156,20992,7941,-16511,5953,12000,2000,46000,580101,
6732,5596,21476,8342,-16221,5567,12000,1000,46000,580103,
8220,6652,21848,9844,-13693,3889,13000,0,46000,580116,
8528,6776,21996,10082,-12971,3597,13000,0,46000,580118,
8516,7056,21880,10234,-12250,3366,13000,0,46000,580121,
7484,7296,21044,11734,-8852,2790,15000,-1000,46000,580133,
7244,7432,20820,11908,-8234,2783,15000,-1000,46000,580136,
7000,7512,20708,12124,-7706,2761,15000,-1000,46000,580138,
5480,8220,19024,12556,-6198,2578,16000,-2000,46000,580150,
5316,8500,18856,12602,-6109,2549,16000,-2000,46000,580153,
4916,8616,18296,12605,-6147,2500,17000,-2000,46000,580155,
3884,9320,16636,11959,-6708,2018,18000,-3000,46000,580168,
3612,9416,16528,11832,-6924,1904,18000,-3000,46000,580170,
3612,9584,16324,11603,-7152,1826,18000,-3000,46000,580172,
3236,9672,15764,10891,-8815,1382,19000,-4000,46000,580185,
3392,9592,15636,10757,-9187,1288,20000,-4000,46000,580187,
3388,9692,15412,10711,-9533,1177,20000,-4000,46000,580190,
3188,9480,14852,10318,-11434,421,21000,-5000,46000,580202,
3132,9528,14704,10277,-11758,234,21000,-5000,46000,580205,
3068,9556,14420,10170,-12041,42,21000,-6000,45000,580207,
2988,10020,13936,9812,-13364,-950,22000,-7000,45000,580219,
2804,9984,13796,9713,-13828,-1090,23000,-7000,45000,580222,
2816,10248,13592,9638,-14072,-1209,23000,-7000,45000,580224,
3068,10852,13248,9196,-15667,-1770,24000,-9000,44000,580237,
3068,11024,13188,9084,-15960,-1863,24000,-9000,44000,580239,
3144,10984,13140,9014,-16282,-1972,24000,-9000,44000,580241,
4072,11388,12720,8246,-17681,-2392,25000,-11000,43000,580254,
4204,11448,12744,8233,-17905,-2508,26000,-11000,42000,580256,
4424,11440,12752,8083,-18103,-2564,26000,-11000,42000,580259,
5916,11464,11944,7667,-18882,-3428,27000,-13000,41000,580271,
6036,11468,11820,7520,-18994,-3626,27000,-13000,41000,580274,
6312,11416,11788,7500,-19070,-3803,27000,-13000,41000,580276,
7916,10944,11144,7515,-19377,-4793,29000,-15000,39000,580289,
8220,10860,10964,7590,-19482,-5102,29000,-15000,39000,580291,
8320,10592,10716,7624,-19575,-5363,29000,-15000,39000,580293,
10604,10220,9404,7679,-19911,-7654,30000,-17000,37000,580306,
10904,10160,9360,7839,-20197,-8146,31000,-17000,37000,580308,
11192,10076,8704,7833,-21070,-9002,31000,-17000,36000,580311,
7712,10532,6952,7062,-17619,-11554,32000,-18000,34000,580324,
8576,10356,7252,6885,-17872,-11488,33000,-18000,34000,580326,
11408,12728,1476,6093,-13491,-11961,33000,-18000,34000,580328,
14152,13044,1612,4093,-9601,-12673,34000,-19000,32000,580341,
14456,13748,1792,4116,-9733,-12775,34000,-19000,31000,580343,
14244,14436,460,3883,-8366,-12895,34000,-19000,31000,580346,
12128,14424,248,2771,-4655,-13094,35000,-19000,30000,580359,
11464,14576,612,2302,-4470,-13261,35000,-19000,29000,580361,
11080,14552,984,1854,-3952,-13471,36000,-19000,29000,580363,
7928,12900,1836,53,-1060,-14376,36000,-18000,28000,580376,
7488,12464,2108,-145,-705,-14569,36000,-18000,28000,580378,
6940,12072,2624,-320,-476,-14648,37000,-18000,27000,580381,
3132,9420,5572,-840,-560,-15038,37000,-17000,26000,580393,
2860,8684,4912,-1058,-713,-15040,37000,-17000,26000,580396,
2272,8528,4996,-1299,-687,-15123,37000,-16000,26000,580398,
-1888,6480,6376,-1936,-1097,-14020,37000,-16000,24000,580411,
-2032,6296,6636,-2086,-941,-13696,37000,-15000,24000,580413,
-2376,6320,6424,-2289,-399,-13169,37000,-15000,24000,580416,
-3572,3588,7968,-1589,-2214,-11747,37000,-14000,23000,580428,
-4352,4424,8128,-1887,-2405,-11545,37000,-14000,23000,580431,
-5980,3428,10004,-3219,-5093,-8688,37000,-14000,22000,580443,
-6532,3588,9340,-3367,-5039,-8103,37000,-14000,22000,580446,
-7008,3452,9756,-3657,-5879,-7322,37000,-14000,21000,580448,
-2764,3692,9316,-4501,-7353,-6388,37000,-14000,20000,580461,
-2076,3600,9384,-4642,-7499,-6321,37000,-14000,20000,580463,
-1592,3600,9708,-4595,-7585,-6300,37000,-14000,20000,580465,
1536,3524,9452,-4302,-7325,-5840,36000,-14000,19000,580478,
2164,3696,9664,-4014,-7096,-5819,36000,-14000,19000,580480,
2644,3640,9564,-3779,-6905,-5774,36000,-14000,19000,580483,
5216,4232,9140,-2474,-5335,-6017,36000,-14000,18000,580495,
5312,4444,9064,-2265,-4925,-6012,36000,-14000,18000,580498,
5652,4696,9060,-2007,-4467,-6072,36000,-14000,18000,580500,
5588,6620,8232,-743,-1268,-6186,36000,-14000,17000,580512,
5492,7152,7960,-604,-540,-6174,36000,-14000,17000,580515,
5316,7600,8012,-413,90,-6173,36000,-14000,17000,580517,
4792,9648,7536,-28,3574,-5412,37000,-13000,17000,580530,
4564,9940,7516,-30,3977,-5246,37000,-13000,17000,580532,
4344,10024,7468,-19,4356,-4965,37000,-13000,17000,580534,
4120,10704,7568,207,5532,-3931,37000,-13000,17000,580547,
3868,10752,7616,180,5617,-3823,37000,-13000,17000,580549,
3788,10952,7660,204,5769,-3738,37000,-12000,17000,580552,
3588,11456,7364,103,5715,-3710,37000,-12000,17000,580564,
3576,11760,7368,96,5686,-3784,37000,-12000,17000,580567,
3396,11816,7392,31,5533,-3816,37000,-12000,17000,580569,
3644,13004,6936,-733,4813,-4138,37000,-11000,17000,580582,
3684,13224,6988,-933,4709,-4161,37000,-11000,17000,580584,
3780,13344,6908,-1083,4660,-4198,37000,-11000,17000,580586,
4260,14392,7340,-1552,4727,-4308,37000,-10000,17000,580599,
4440,14808,7408,-1635,4853,-4417,37000,-10000,17000,580601,
4560,15228,7160,-1735,5002,-4477,37000,-10000,17000,580604,
4804,16220,6716,-3434,7120,-4758,37000,-9000,17000,580616,
4620,16244,7196,-3614,7483,-4782,37000,-9000,17000,580619,
4640,16244,7712,-3730,7789,-4777,37000,-9000,17000,580621,
3476,15500,7816,-4040,10622,-4829,37000,-8000,17000,580634,
3188,15328,8032,-4089,11258,-4779,36000,-8000,17000,580636,
2956,15228,8032,-4113,11957,-4814,36000,-7000,17000,580638,
472,14496,8616,-4095,15267,-4628,36000,-6000,17000,580651,
212,14288,8736,-4007,15917,-4582,36000,-6000,18000,580653,
-72,14164,8616,-3918,16340,-4575,36000,-5000,18000,580656,
-3156,14008,8860,-4262,19025,-3849,36000,-3000,18000,580668,
-3728,13976,8820,-4270,19530,-3616,36000,-3000,19000,580671,
-4276,13872,8912,-4386,20122,-3393,35000,-3000,19000,580673,
-6900,13416,8856,-3158,21078,-2796,35000,-1000,20000,580686,
-7788,13284,9196,-3592,21120,-2345,35000,0,20000,580688,
-8088,12988,9384,-3632,21045,-2286,35000,0,20000,580690,
-8084,12212,8408,-4088,19219,-1059,35000,1000,21000,580703,
-8772,12480,8532,-4116,19712,-776,35000,1000,21000,580705,
-9996,12200,9432,-4006,19009,-137,35000,1000,22000,580708,
-13504,12012,7956,-4721,15983,817,34000,3000,22000,580720,
-13444,11632,7920,-5177,15942,1080,34000,3000,23000,580723,
-13464,11264,8828,-5001,15104,1207,34000,3000,23000,580725,
-15388,11168,7576,-5603,12688,3031,34000,4000,24000,580737,
-14540,11376,7516,-5652,12289,3269,34000,5000,24000,580740,
-14412,11292,7444,-5781,11720,3693,34000,5000,24000,580742,
-13556,10796,7568,-7215,8415,6054,33000,5000,25000,580755,
-13396,10772,7636,-7335,7617,6473,33000,5000,25000,580757,
-13292,10776,7660,-7605,6876,6898,33000,6000,25000,580759,
-11928,10484,8380,-8991,3097,9003,32000,6000,26000,580772,
-11612,10392,8420,-9260,2451,9336,32000,5000,26000,580774,
-11380,10156,8500,-9564,1908,9661,32000,5000,27000,580777,
-9908,9252,8712,-10843,-1050,11223,31000,5000,28000,580790,
-9708,9232,8680,-11044,-1520,11445,31000,5000,28000,580792,
-9420,8992,8556,-11252,-2108,11690,31000,5000,28000,580794,
-8432,8280,8212,-12477,-4911,12939,30000,4000,29000,580807,
-8196,8036,8292,-12703,-5534,13148,30000,4000,29000,580809,
-7444,7176,8308,-13927,-9216,14307,28000,2000,30000,580822,
-7412,6904,8668,-14181,-10029,14556,28000,2000,30000,580825,
-7248,6732,8932,-14442,-10850,14823,28000,2000,30000,580827,
-6396,5204,9368,-15417,-15722,16119,26000,0,31000,580840,
-6228,5000,9356,-15604,-16769,16330,26000,0,31000,580842,
-6116,4840,9360,-15666,-17821,16495,26000,0,31000,580844,
-5488,3536,8304,-16308,-23582,17302,24000,-2000,31000,580857,
-5420,3416,7896,-16402,-24713,17386,24000,-3000,31000,580859,
-5496,3200,7584,-16522,-25748,17562,24000,-3000,32000,580861,
-4928,1944,8148,-17392,-31383,18416,22000,-7000,32000,580874,
-4712,1692,8372,-17496,-32494,18635,22000,-7000,32000,580876,
-4228,1248,8384,-17684,-32768,18881,21000,-8000,32000,580879,
-1112,-800,9196,-18012,-32768,19843,19000,-11000,33000,580892,
-560,-1208,9240,-17986,-32768,20009,19000,-12000,33000,580894,
56,-1632,9164,-17923,-32768,20108,18000,-13000,33000,580896,
4516,-3688,8264,-17919,-32768,20854,16000,-16000,34000,580909,
5496,-4004,8084,-17758,-32768,20847,16000,-17000,34000,580911,
6600,-4528,7960,-17525,-32768,20967,15000,-18000,35000,580913,
10400,-6212,6112,-15505,-32768,19568,13000,-22000,36000,580926,
6244,-3292,4228,-15205,-32768,18154,13000,-22000,36000,580928,
14468,-4804,6468,-13069,-32768,19812,11000,-26000,37000,580941,
19232,-6884,3516,-12733,-32768,19891,11000,-27000,38000,580943,
20560,-7780,1216,-13002,-32768,18802,10000,-27000,38000,580946,
17356,-3900,4360,-12564,-32768,25187,8000,-31000,40000,580958,
18676,-4592,2568,-12876,-32768,25832,7000,-32000,41000,580961,
21260,-5724,3348,-13187,-32768,26158,7000,-33000,41000,580963,
27960,-7484,3396,-12501,-32768,23751,4000,-36000,44000,580976,
28532,-7472,3888,-12526,-32768,23119,3000,-37000,44000,580979,
28776,-7508,4232,-12380,-32768,22686,3000,-38000,45000,580981,
31312,-7680,4740,-10220,-29151,20488,0,-41000,47000,580994,
31408,-7564,4556,-9800,-27483,20205,0,-41000,48000,580996,
31524,-7472,4440,-9464,-25612,19871,0,-42000,48000,580999,
31176,-6392,5140,-8138,-17096,18528,-3000,-44000,51000,581011,
30828,-6240,5136,-8007,-15571,18257,-3000,-44000,51000,581014,
30584,-6024,5024,-7987,-14217,18008,-4000,-44000,52000,581016,
28780,-5868,5500,-7839,-9168,15893,-6000,-45000,54000,581029,
28476,-5860,5524,-7824,-8646,15402,-7000,-45000,55000,581031,
28016,-5984,5364,-7861,-8222,14781,-7000,-46000,55000,581034,
27012,-6868,5340,-8179,-7468,11981,-9000,-46000,57000,581046,
26960,-7128,5620,-8206,-7488,11404,-10000,-46000,57000,581049,
27064,-7384,5552,-8287,-7547,10870,-10000,-47000,58000,581051,
28080,-8204,5332,-8305,-7331,7916,-12000,-47000,59000,581064,
28532,-8224,5196,-8284,-7141,7377,-12000,-47000,59000,581066,
29824,-8020,4756,-7859,-5007,4305,-14000,-48000,60000,581079,
30136,-7892,4752,-7768,-4376,3724,-14000,-48000,60000,581081,
30216,-7736,4540,-7592,-3714,3128,-14000,-48000,61000,581084,
30772,-6888,4580,-7037,-252,222,-15000,-48000,61000,581096,
29844,-6464,4640,-6712,592,-202,-15000,-48000,61000,581099,
30016,-6384,4388,-6649,1231,-779,-15000,-48000,61000,581101,
28612,-5836,4956,-6553,3693,-3562,-16000,-48000,60000,581114,
28416,-5948,5008,-6620,4033,-4067,-16000,-48000,60000,581116,
28144,-5940,4956,-6595,4450,-4589,-16000,-48000,60000,581119,
26848,-6184,5232,-6523,6347,-7164,-15000,-48000,59000,581132,
26656,-6312,5260,-6435,6816,-7697,-15000,-48000,58000,581134,
26276,-6368,5316,-6388,7185,-8126,-15000,-48000,58000,581136,
24460,-6216,5500,-6004,9687,-10297,-15000,-47000,56000,581149,
24088,-6240,5536,-5927,10137,-10597,-14000,-47000,56000,581152,
23660,-6092,5572,-5851,10665,-10980,-14000,-47000,56000,581154,
21684,-5880,5464,-5490,12692,-12497,-13000,-47000,54000,581167,
21308,-5744,5568,-5455,13106,-12930,-13000,-46000,53000,581169,
20768,-5792,5700,-5340,13438,-13158,-13000,-46000,53000,581171,
18664,-5648,6216,-5013,14754,-14368,-12000,-45000,50000,581184,
18320,-5716,6136,-4931,14856,-14529,-12000,-45000,50000,581187,
16548,-5424,6440,-4703,15564,-15624,-10000,-44000,47000,581199,
16732,-5684,6248,-4550,15816,-15748,-10000,-44000,47000,581202,
15052,-5184,6360,-4375,16518,-16572,-9000,-43000,44000,581214,
14892,-4992,6588,-4335,16553,-16567,-9000,-42000,44000,581217,
14864,-5092,6700,-4341,16680,-16768,-8000,-42000,44000,581219,
13684,-4444,7296,-4076,17377,-17207,-7000,-41000,41000,581232,
13712,-4352,7096,-4056,17648,-17402,-7000,-41000,41000,581234,
13660,-4404,7256,-3999,17829,-17495,-7000,-40000,40000,581237,
13212,-3880,7876,-3989,19128,-18174,-6000,-39000,38000,581249,
13076,-4072,7904,-3882,19288,-18240,-5000,-39000,37000,581252,
13124,-3976,8148,-3794,19579,-18335,-5000,-38000,37000,581254,
12536,-3756,8712,-2976,21566,-18998,-4000,-36000,34000,581267,
12128,-3436,8632,-2917,21741,-19159,-4000,-36000,34000,581269,
12192,-3420,8500,-2746,22298,-19311,-4000,-36000,33000,581272,
10976,-2284,9364,-1686,24744,-19696,-2000,-34000,31000,581284,
10732,-2140,9152,-1527,25118,-19781,-2000,-33000,30000,581287,
8304,-696,10372,-739,26415,-19974,-1000,-31000,28000,581299,
8224,-616,10384,-693,26129,-19989,-1000,-30000,27000,581302,
8052,-384,9980,-662,26152,-19991,-1000,-30000,27000,581304,
5804,656,11080,-671,26401,-20018,0,-27000,25000,581317,
5520,784,11268,-671,26408,-19982,0,-27000,24000,581319,
5240,880,11576,-687,26510,-20023,0,-26000,24000,581321,
4396,1084,12516,-816,26547,-19969,1000,-24000,22000,581334,
4232,924,12728,-753,26844,-20066,1000,-23000,22000,581336,
4160,1064,12996,-644,26953,-20035,1000,-23000,21000,581339,
3916,940,13620,142,29074,-19987,2000,-20000,19000,581351,
3852,1060,13480,456,29613,-19904,2000,-19000,19000,581354,
3848,1004,13760,678,30136,-19821,2000,-19000,18000,581356,
2776,1824,14240,2865,32767,-19282,3000,-15000,17000,581368,
2580,1748,14112,3327,32767,-19178,3000,-15000,16000,581371,
2148,2128,13784,3829,32767,-19199,3000,-14000,16000,581373,
-1072,3056,12372,6123,32767,-18780,4000,-11000,14000,581386,
-1980,3052,12436,6353,32767,-18795,4000,-10000,14000,581388,
-2532,3180,12140,6544,32767,-18763,5000,-9000,14000,581391,
-5504,3460,11080,5867,32767,-17292,5000,-6000,12000,581403,
-3628,3200,10616,5500,32767,-17100,6000,-5000,12000,581406,
-3708,3432,10868,5386,32767,-17452,6000,-5000,12000,581408,
-7888,6072,10964,4052,32493,-12917,6000,-1000,11000,581420,
-7832,6168,12844,4536,31360,-12838,6000,0,11000,581423,
-8180,6024,12184,4987,31671,-13138,6000,0,11000,581425,
-10236,7892,12216,3840,31245,-11878,7000,3000,10000,581438,
-9524,8360,12560,4074,31678,-11900,7000,3000,10000,581440,
-7996,8232,12160,4077,31423,-11843,7000,4000,10000,581443,
-8300,7812,11896,3976,31026,-10350,8000,7000,9000,581455,
-8432,7768,11684,3856,30692,-10086,8000,8000,9000,581458,
-8680,7556,11508,3824,30521,-9827,8000,8000,9000,581460,
-10216,7544,10780,3905,29780,-8546,8000,11000,9000,581473,
-10716,7684,10732,3877,29695,-8286,8000,12000,8000,581475,
-11100,7816,10672,3919,29423,-7962,8000,13000,8000,581477,
-10780,8416,9108,2119,26659,-5137,9000,15000,8000,581490,
-11804,9080,9744,1905,25682,-4595,9000,16000,8000,581492,
-12292,10364,10508,1993,25006,-4137,9000,16000,8000,581495,
-18312,11524,9612,640,22279,-4820,9000,19000,8000,581507,
-18736,11600,10700,384,20656,-4113,9000,19000,8000,581510,
-17404,12248,11400,525,19701,-4010,9000,20000,8000,581512,
-14304,11856,10792,-1897,16433,-3706,9000,21000,8000,581525,
-14220,11700,11404,-2240,16002,-3504,9000,22000,8000,581527,
-13908,11528,11928,-2424,15444,-3305,9000,22000,8000,581529,
-12172,10236,12872,-2737,13438,-1906,9000,23000,8000,581542,
-11900,10184,12744,-2771,13000,-1608,9000,24000,8000,581544,
-11532,10144,12800,-2777,12647,-1359,9000,24000,8000,581547,
-11292,10100,12464,-2914,11701,-339,9000,25000,9000,581559,
-11284,10124,12436,-2934,11717,-189,9000,25000,9000,581562,
-11416,10100,12400,-2956,11709,-14,9000,26000,9000,581564,
-11912,10036,12360,-3325,11524,831,9000,27000,9000,581577,
-11956,9988,12212,-3358,11404,1031,9000,27000,9000,581579,
-12040,9932,12304,-3481,11308,1198,9000,27000,9000,581582,
-12348,9768,12096,-4061,10637,2196,9000,28000,10000,581594,
-12240,9672,12004,-4209,10522,2364,9000,28000,10000,581597,
-12272,9660,12236,-4318,10407,2548,9000,29000,10000,581599,
-12336,9756,12324,-5164,9838,3421,9000,30000,11000,581611,
-12296,9840,12316,-5262,9779,3577,9000,30000,11000,581614,
-12304,9672,12472,-5438,9670,3782,9000,30000,11000,581616,
-12320,9300,12812,-6292,9275,4853,9000,31000,12000,581629,
-12188,9028,12848,-6459,9221,5042,8000,31000,12000,581631,
-12240,8972,13064,-6572,9301,5243,8000,31000,12000,581634,
-11812,7952,13336,-6982,9503,6125,8000,32000,13000,581646,
-11684,7628,13332,-7019,9631,6241,8000,32000,13000,581649,
-11624,7452,13284,-7018,9681,6388,8000,32000,13000,581651,
-11236,6756,12564,-7077,10331,6897,8000,33000,14000,581664,
-11124,6740,12216,-7025,10403,6979,8000,33000,14000,581666,
-11160,6788,12096,-7060,10524,7082,8000,34000,15000,581669,
-12152,7480,11468,-7442,10998,7895,8000,35000,16000,581685,
-12420,7532,11512,-7554,10820,8037,8000,35000,16000,581688,
-12696,7448,11620,-7733,10662,8208,8000,35000,17000,581690,
-13516,7392,12804,-8645,10152,9427,8000,36000,18000,581703,
-13580,7464,12676,-8697,9450,9618,8000,36000,18000,581705,
-13424,7464,12328,-8852,8383,9629,8000,36000,19000,581707,
-14292,6504,13248,-10571,5250,9849,8000,37000,20000,581720,
-14232,6312,12984,-10701,5099,9915,8000,37000,20000,581723,
-14088,5948,13292,-10892,4869,10065,8000,37000,20000,581725,
-12864,5020,13168,-11339,3177,10651,8000,37000,22000,581738,
-12688,4804,13308,-11605,2855,10736,8000,37000,22000,581740,
-12584,4764,13436,-11747,2632,10842,8000,37000,22000,581743,
-11536,3552,13764,-12065,1727,11486,8000,37000,24000,581755,
-11324,3324,14016,-12113,1634,11615,8000,37000,24000,581758,
-11172,3300,14008,-12043,1534,11765,8000,37000,24000,581760,
-10484,2180,14416,-12199,972,12417,7000,37000,26000,581773,
-10200,2148,14360,-12238,864,12521,7000,37000,26000,581775,
-10012,2012,14360,-12306,761,12603,7000,37000,26000,581777,
-9480,1536,14636,-12331,143,12880,7000,37000,28000,581790,
-9444,1388,14692,-12308,116,12952,7000,37000,28000,581792,
-9316,1444,15028,-12278,50,12985,7000,37000,29000,581795,
-8676,1136,15656,-12504,-420,13114,7000,37000,30000,581807,
-8392,1052,16056,-12520,-619,13149,7000,37000,30000,581810,
-8232,944,16200,-12578,-808,13160,7000,37000,31000,581812,
-7044,28,16892,-12641,-1855,13222,6000,36000,32000,581825,
-6868,-92,16944,-12675,-1992,13265,6000,36000,33000,581827,
-6496,-452,16964,-12711,-2121,13245,6000,36000,33000,581830,
-5108,-1328,17816,-12247,-2651,12910,6000,35000,34000,581842,
-4688,-1460,17836,-12169,-2734,12840,6000,35000,35000,581845,
-4504,-1624,17924,-12016,-2838,12733,6000,35000,35000,581847,
-3064,-2068,18020,-11373,-3127,12233,5000,35000,36000,581860,
-2772,-2124,18132,-11256,-3141,12121,5000,35000,36000,581862,
-2508,-2276,18108,-11083,-3131,12015,5000,34000,37000,581865,
-1768,-2384,19084,-10248,-3281,11427,5000,34000,38000,581877,
-1512,-2444,19308,-10143,-3314,11328,5000,34000,38000,581880,
-1384,-2456,19320,-9945,-3430,11194,5000,34000,38000,581882,
-1036,-2740,19452,-9287,-4062,10600,4000,33000,40000,581895,
-1072,-2872,19628,-9108,-4216,10446,4000,33000,40000,581897,
-916,-3040,19444,-8943,-4333,10317,4000,33000,40000,581900,
-460,-3100,19228,-8087,-4825,9440,4000,32000,41000,581912,
-380,-3172,19224,-7984,-4927,9252,4000,32000,41000,581914,
-184,-3124,19108,-7831,-5022,9062,4000,32000,41000,581917,
252,-3028,19440,-6922,-5611,8109,3000,31000,42000,581929,
500,-2940,19448,-6802,-5703,7929,3000,31000,42000,581932,
532,-2920,19516,-6626,-5763,7730,3000,31000,42000,581934,
1676,-3028,19444,-5848,-5707,6714,3000,30000,43000,581947,
1784,-2996,19456,-5640,-5627,6531,3000,30000,43000,581949,
2016,-3036,19452,-5473,-5530,6341,3000,30000,43000,581951,
2720,-3004,19124,-4319,-4538,5265,3000,29000,44000,581964,
2828,-2940,18936,-4145,-4307,5081,3000,29000,44000,581966,
2816,-2888,18864,-3960,-3961,4883,3000,29000,44000,581969,
2540,-2272,18220,-2958,-2296,4034,2000,28000,44000,581981,
2440,-2032,18244,-2757,-2035,3894,2000,28000,44000,581984,
2300,-1988,18104,-2644,-1810,3800,2000,28000,45000,581986,
1104,-1284,17464,-2069,-970,3234,2000,28000,45000,581999,
1000,-1236,17488,-2073,-894,3117,2000,28000,45000,582001,
780,-964,17440,-2056,-811,3028,2000,28000,45000,582003,
-480,-388,17508,-1979,-1170,2469,2000,27000,45000,582016,
-576,-284,17704,-2057,-1293,2357,2000,27000,45000,582018,
-748,-80,17804,-2042,-1440,2234,2000,27000,45000,582021,
-972,-124,17624,-2329,-1978,1643,2000,27000,45000,582033,
-868,-168,17580,-2298,-2061,1520,2000,27000,46000,582035,
-844,-240,17464,-2317,-2016,1384,2000,27000,46000,582038,
